winnt_cv v.20080609
(Software) Get & display the contents of the Windows NT\CurrentVersion key

WinNT_CV
Microsoft\Windows NT\CurrentVersion
LastWrite Time Thu May 19 18:06:47 2016 (UTC)

RegisteredOrganization :
CurrentVersion : 6.1
CurrentBuild : 7601
CurrentBuildNumber : 7601
CSDBuildNumber : 1130
SoftwareType : System
InstallationType : Client
SystemRoot : C:\Windows
PathName : C:\Windows
RegisteredOwner : Windows User
EditionID : Professional
CSDVersion : Service Pack 1
CurrentType : Multiprocessor Free
ProductName : Windows 7 Professional
ProductId : 55041-149-0713253-86802
BuildLab : 7601.win7sp1_ldr.160408-2045
InstallDate : Sun Sep  7 23:13:47 2014 (UTC)
BuildGUID : 091be891-23de-4d6d-b020-1e7aceb08a39
BuildLabEx : 7601.23418.amd64fre.win7sp1_ldr.160408-2045
DigitalProductId : a4 00 00 00 03 00 00 00 35 35 30 34 31 2d 31 34 39 2d 30 37 31 33 32 35 33 2d 38 36 38 30 32 00 ac 00 00 00 58 31 36 2d 36 38 30 30 33 00 00 00 00 00 00 00 00 00 00 00 00 00 00 00 00 00 00 00 00 00 00 00 00 00 00 00 2f 82 0e 55 ea f4 b7 33 03 00 00 00 00 00 00 00 00 00 00 00 00 00 00 00 00 00 00 00 00 00 00 00 00 00 00 00 00 00 00 00 00 00 00 00 00 00 00 00 00 00 00 00 00 00 00 00 00 00 00 00 00 00 00 00 00 00 00 00 00 00 00 00 00 00 00 00 00 00 00 00 00 00 00 00 00 00 00 00 65 56 ed 4b
DigitalProductId4 : f8 04 00 00 04 00 00 00 35 00 35 00 30 00 34 00 31 00 2d 00 30 00 30 00 31 00 37 00 32 00 2d 00 31 00 34 00 39 00 2d 00 30 00 37 00 31 00 33 00 32 00 35 00 2d 00 30 00 33 00 2d 00 31 00 30 00 33 00 33 00 2d 00 37 00 36 00 30 00 31 00 2e 00 30 00 30 00 30 00 30 00 2d 00 30 00 38 00 31 00 32 00 30 00 31 00 35 00 00 00 00 00 00 00 00 00 00 00 00 00 00 00 00 00 00 00 00 00 00 00 00 00 00 00 00 00 00 00 00 00 39 00 61 00 62 00 66 00 35 00 39 00 38 00 34 00 2d 00 39 00 63 00 31 00 36 00 2d 00 34 00 36 00 66 00 32 00 2d 00 61 00 64 00 31 00 65 00 2d 00 37 00 66 00 65 00 31 00 35 00 39 00 33 00 31 00 61 00 38 00 64 00 64 00 00 00 00 00 00 00 00 00 00 00 00 00 00 00 00 00 00 00 00 00 00 00 00 00 00 00 00 00 00 00 00 00 00 00 00 00 00 00 00 00 00 00 00 00 00 00 00 00 00 00 00 00 00 00 00 00 00 00 00 00 00 00 00 00 00 00 00 00 00 00 00 00 00 00 00 00 00 00 00 00 00 00 00 00 00 00 00 00 00 00 00 00 00 00 00 00 00 00 00 00 00 00 00 00 00 00 00 00 00 00 00 00 00 00 00 00 00 00 00 00 00 00 00 00 00 00 00 00 00 00 00 00 00 00 00 00 00 00 00 00 00 00 00 00 00 00 00 00 00 00 00 00 00 00 00 00 00 00 00 00 00 00 00 00 00 00 00 00 00 00 00 00 00 00 00 00 00 00 00 00 00 00 00 00 00 00 00 00 00 00 00 00 00 00 00 00 00 00 00 00 00 00 00 00 00 00 00 00 00 00 00 00 00 00 00 00 00 00 00 00 00 00 00 00 00 00 00 00 00 00 00 00 00 00 00 00 00 00 00 00 00 00 00 00 00 00 00 00 00 00 00 00 00 00 00 00 00 00 00 00 00 00 00 00 00 00 00 00 00 00 00 00 00 00 00 00 00 00 00 00 00 00 00 00 00 00 00 00 00 00 00 00 00 00 00 00 00 00 00 00 00 00 00 00 00 00 00 00 00 00 00 00 00 00 00 00 00 00 00 00 00 00 00 00 00 00 00 00 00 00 00 00 00 00 00 00 00 00 00 00 00 00 00 00 00 00 00 00 00 00 00 00 00 00 00 00 00 00 00 00 00 00 00 00 00 00 00 00 00 00 00 00 00 00 00 00 00 00 00 00 00 00 00 00 00 00 00 00 00 00 00 00 00 00 00 00 00 00 00 00 00 00 00 00 00 00 00 00 00 00 00 00 00 00 00 00 00 00 00 00 00 00 00 00 00 00 00 00 00 00 00 00 00 00 00 00 00 00 00 00 00 00 00 00 00 00 00 00 00 00 00 00 00 00 00 00 00 00 00 00 00 00 00 00 00 00 00 00 00 00 00 00 00 00 00 00 00 00 00 00 00 00 00 00 00 00 00 00 00 00 00 00 00 00 00 00 00 00 00 00 00 00 00 00 00 00 00 00 00 00 00 00 00 00 00 00 00 00 00 00 00 00 00 00 00 00 00 00 00 00 00 00 00 00 00 00 00 00 00 00 00 00 00 00 00 00 00 00 00 00 00 00 00 00 00 00 00 00 00 00 00 00 00 00 00 00 00 00 00 00 00 00 00 00 00 00 00 00 00 00 00 00 00 00 00 00 00 00 00 00 00 00 00 00 00 00 00 00 00 00 00 00 00 00 00 00 00 00 00 00 00 00 00 00 00 00 8d cd 46 26 ba f4 d1 b7 c8 18 e2 07 90 06 43 58 50 1b 8c de 7e e9 b2 37 db 1e 8f 36 23 2d 57 be 41 6d 17 49 19 24 15 c2 b4 1a 11 0c 31 94 4a 05 dd 59 a7 cf 32 d6 d8 7d b9 7a ac 79 8d 18 f5 62 58 00 31 00 36 00 2d 00 36 00 38 00 30 00 30 00 33 00 00 00 00 00 00 00 00 00 00 00 00 00 00 00 00 00 00 00 00 00 00 00 00 00 00 00 00 00 00 00 00 00 00 00 00 00 00 00 00 00 00 00 00 00 00 00 00 00 00 00 00 00 00 00 00 00 00 00 00 00 00 00 00 00 00 00 00 00 00 00 00 00 00 00 00 00 00 00 00 00 00 00 00 00 00 00 00 00 00 00 00 00 00 00 00 00 00 00 00 00 00 00 00 00 00 00 00 00 00 00 56 00 6f 00 6c 00 75 00 6d 00 65 00 3a 00 4d 00 41 00 4b 00 00 00 00 00 00 00 00 00 00 00 00 00 00 00 00 00 00 00 00 00 00 00 00 00 00 00 00 00 00 00 00 00 00 00 00 00 00 00 00 00 00 00 00 00 00 00 00 00 00 00 00 00 00 00 00 00 00 00 00 00 00 00 00 00 00 00 00 00 00 00 00 00 00 00 00 00 00 00 00 00 00 00 00 00 00 00 00 00 00 00 00 00 00 00 00 00 00 00 00 00 00 00 00 00 00 00 00 00 56 00 6f 00 6c 00 75 00 6d 00 65 00 00 00 00 00 00 00 00 00 00 00 00 00 00 00 00 00 00 00 00 00 00 00 00 00 00 00 00 00 00 00 00 00 00 00 00 00 00 00 00 00 00 00 00 00 00 00 00 00 00 00 00 00 00 00 00 00 00 00 00 00 00 00 00 00 00 00 00 00 00 00 00 00 00 00 00 00 00 00 00 00 00 00 00 00 00 00 00 00 00 00 00 00 00 00 00 00 00 00 00 00 00 00 00 00 00 00 00 00 00 00 00 00 00 00 00 00
